15 15
9 10 10 8 8 8 10 10 10 12 1 0 0 0 0 
5 13 11 6 5 5 11 12 13 5 1 0 0 0 0 
7 5 9 8 4 3 10 6 5 5 1 0 0 0 0 
9 2 4 5 7 29 9 8 0 6 1 0 0 0 0 
5 9 2 6 13 5 7 5 5 13 1 0 0 0 0 
5 3 10 10 6 5 11 6 7 5 1 0 0 0 0 
3 8 10 10 14 3 10 8 10 6 1 0 0 0 0 
9 4 13 11 12 9 14 1 10 12 1 0 0 0 0 
5 3 2 10 6 5 9 2 12 5 1 0 0 0 0 
3 10 10 10 10 4 7 9 4 5 1 0 0 0 0 
11 10 10 10 10 2 10 6 7 7 1 0 0 0 0 
8 8 8 8 8 8 8 8 8 8 0 0 0 0 0 
0 0 0 0 0 0 0 0 0 0 0 0 0 0 0 
0 0 0 0 0 0 0 0 0 0 0 0 0 0 0 
0 0 0 0 0 0 0 0 0 0 0 0 0 0 0 
